17 22 36 37 52 24
14 22 52 54 59 04
05 08 29 37 38 26
10 14 30 40 51 01
07 08 19 26 36 15
13 27 37 41 54 26
04 17 35 50 57 12
18 47 51 53 58 26
07 09 14 45 49 23
10 29 33 41 59 15
17 21 37 41 50 01
06 16 20 31 36 08
24 26 45 48 55 08
09 36 39 44 45 09
14 20 24 39 49 07
07 21 32 44 52 10
05 13 17 45 54 12
10 15 31 52 59 04
04 36 40 44 52 26
21 22 49 52 58 26
06 14 32 38 52 20
05 21 22 41 49 15
11 34 41 49 55 20
01 12 53 56 57 05
12 22 25 28 44 24
16 23 25 49 58 20
13 34 40 47 57 11
05 22 34 41 57 26
37 51 52 53 58 26
15 21 23 28 36 20
02 07 29 55 58 26
19 20 40 47 57 26
01 06 10 13 20 26
01 03 24 28 41 10
04 09 14 39 43 26
18 34 40 48 59 25
14 22 27 32 49 05
09 12 13 35 38 26
08 11 18 29 36 06
09 30 31 50 54 26
11 30 45 47 48 10
13 30 32 38 57 25
06 38 43 47 48 26
03 10 14 52 53 03
10 41 44 48 56 04
20 21 27 28 56 04
20 21 23 38 42 06
22 27 35 37 45 03
16 22 30 51 58 25
20 30 38 46 59 26
01 11 20 25 27 02
01 16 17 41 57 15
19 28 30 37 53 26
04 22 26 31 52 26
07 10 22 23 52 26
09 33 36 50 58 26
04 32 33 47 55 26
07 10 12 22 27 26
16 17 29 31 36 23
04 22 27 32 56 13
17 20 21 40 51 19
11 14 22 33 42 26
10 35 39 51 57 20
07 17 20 36 59 26
07 20 21 34 43 26
01 18 37 39 44 13
10 24 36 52 55 15
08 16 27 35 42 26
13 44 51 52 55 26
12 20 30 36 47 25
14 26 37 41 46 24
02 06 32 42 49 26
12 22 32 34 46 02
11 12 15 16 28 11
07 17 20 39 59 17
02 07 16 20 46 26
20 24 25 53 59 15
01 07 27 36 49 26
34 38 39 45 50 26
07 12 23 34 38 26
05 08 11 40 44 10
17 30 48 51 54 26
14 16 53 54 59 05
10 12 38 53 57 01
08 20 21 32 37 04
10 30 37 47 54 26
05 10 11 12 20 02
13 24 27 31 42 22
08 11 25 41 58 16
01 08 10 19 20 23
10 11 18 32 45 18
04 11 19 33 43 14
11 33 44 46 47 12
01 17 38 50 52 24
03 16 18 20 37 26
18 22 37 47 54 26
22 26 32 38 40 07
06 07 26 33 52 24
19 21 23 40 48 26
09 13 22 23 37 26
22 36 51 56 59 26
30 31 34 45 51 23
04 05 36 47 58 06
24 28 45 49 52 02
03 14 33 53 57 26
15 37 41 56 59 05
07 11 39 42 51 26
11 32 36 48 52 19
09 13 21 23 48 24
03 12 34 37 42 26
29 32 36 39 49 26
04 13 17 21 45 10
07 31 50 51 58 06
02 23 31 42 48 21
12 20 28 40 48 08
01 04 12 41 47 03
28 39 40 48 53 09
03 11 20 27 46 08
05 15 26 28 32 09
04 10 11 19 33 26
19 20 42 56 58 26
06 22 34 43 45 23
10 18 41 55 56 15
05 14 32 53 56 11
04 23 39 49 50 26
21 33 44 45 55 07
09 24 34 36 43 26
03 11 47 48 58 19
04 24 40 44 55 05
06 13 15 32 41 03
03 15 27 29 41 24
02 11 27 47 55 15
09 17 32 43 45 26
08 17 18 40 44 16
07 12 13 42 49 16
02 08 40 49 50 26
04 23 31 42 50 23
12 20 43 51 55 11
08 18 38 46 56 26
17 19 39 41 58 21
14 37 44 45 53 26
16 18 27 36 50 08
19 20 38 41 43 26
12 21 22 38 41 18
12 15 19 46 59 12
18 36 39 41 57 12
24 30 45 57 59 26
01 11 18 29 51 26
11 15 24 50 55 08
01 09 11 23 31 06
08 18 19 32 54 08
24 28 48 50 54 25
01 04 38 40 42 17
01 07 27 38 48 26
38 40 41 51 59 26
20 40 41 47 55 19
13 19 21 28 49 11
25 30 54 57 59 06
11 18 36 41 46 26
09 12 35 50 58 04
18 28 31 48 52 26
02 17 23 28 47 26
09 13 47 49 53 26
02 12 25 54 58 14
13 19 35 47 57 26
15 25 52 53 54 02
03 05 18 27 54 13
04 19 22 32 53 24
16 41 42 50 59 05
06 20 22 32 43 11
12 47 48 52 55 13
03 04 12 27 44 26
30 41 50 51 53 08
01 12 23 27 43 26
07 20 43 46 54 17
03 27 35 37 45 26
10 12 23 43 47 18
05 10 24 38 43 01
16 26 35 52 58 02
03 08 23 30 58 13
01 18 21 39 55 06
11 16 40 51 56 26
12 14 34 39 46 26
02 33 39 40 43 26
05 35 57 58 59 12
04 35 36 51 56 08
13 22 25 39 51 26
09 16 17 28 30 11
04 30 35 57 59 25
20 37 39 45 55 26
02 06 34 35 47 22
05 18 33 43 45 08
03 14 20 39 40 26
04 19 33 41 59 09
02 24 46 52 56 19
13 28 49 51 59 26
10 13 15 31 54 18
14 16 30 51 52 19
16 21 27 41 45 14
05 23 25 28 40 26
21 35 46 47 50 02
03 21 24 38 39 24
05 19 29 45 47 25
10 30 36 38 41 01
06 29 34 44 50 26
12 24 43 44 45 07
04 19 28 29 47 05
05 33 41 54 59 13
08 13 17 34 59 26
15 23 43 45 56 07
17 28 38 39 51 26
01 10 37 52 57 11
11 12 32 52 56 11
23 28 50 56 59 05
07 16 17 39 51 26
06 11 42 53 54 07
01 04 11 23 26 14
29 30 45 47 49 26
12 35 45 46 47 12
05 14 17 20 41 05
01 08 41 46 59 24
11 14 49 55 58 26
32 43 53 55 56 06
01 15 35 37 47 08
11 16 29 50 58 26
05 14 36 54 58 26
01 24 33 45 49 06
05 13 17 20 30 18
16 23 42 44 47 02
14 15 16 19 24 02
20 22 39 46 49 26
06 08 20 42 51 16
04 25 29 34 43 26
31 39 40 57 58 26
07 08 33 38 50 26
09 12 20 44 59 23
01 07 11 55 56 01
10 24 35 53 58 22
03 07 21 28 43 02
08 13 35 46 51 26
04 07 26 53 59 26
13 14 41 49 59 14
09 10 24 52 56 14
09 10 17 29 45 26
19 30 33 48 59 26
18 22 45 56 57 26
07 10 14 33 57 18
08 14 15 16 27 26
11 17 29 56 57 14
01 03 41 44 53 26
06 34 40 46 58 06
07 15 20 41 44 22
14 19 35 39 56 26
03 05 29 39 59 26
05 22 36 49 55 23
04 16 32 37 46 13
02 05 20 23 57 03
09 31 38 54 56 20
03 14 35 38 46 16
05 06 13 36 50 13
03 16 48 56 58 04
19 30 48 53 55 18
03 07 11 15 28 12
04 13 39 46 51 01
06 27 46 51 56 21
14 26 41 55 59 01
22 29 31 47 55 19
01 06 07 20 49 23
25 28 49 54 56 26
08 11 21 44 49 22
04 19 26 42 51 26
06 20 34 44 48 26
24 33 36 48 56 06
03 20 26 43 48 01
01 05 08 39 50 23
02 16 18 40 42 26
13 26 39 41 42 10
14 18 28 29 57 08
17 23 36 55 59 10
15 26 34 36 59 26
18 26 29 35 43 26
02 05 25 26 49 18
01 07 10 23 42 26
04 21 28 31 44 10
03 18 21 23 50 04
22 32 34 36 56 26
01 27 31 45 48 05
04 07 09 30 54 25
32 34 45 52 58 20
32 42 50 54 55 26
08 10 30 44 58 13
03 15 27 58 59 20
08 18 24 30 39 26
22 32 37 44 50 26
05 16 22 23 29 06
03 10 19 36 46 03
13 17 19 27 38 12
07 23 26 40 53 21
08 10 25 36 44 26
15 23 40 44 55 14
05 08 20 23 30 03
01 18 35 39 44 11
11 13 23 43 54 04
36 46 50 52 55 14
18 20 28 35 53 20
26 30 49 51 54 25
11 13 20 27 59 26
10 14 21 23 47 07
09 21 28 32 51 26
08 28 29 34 38 26
11 12 24 43 45 09
03 22 26 41 49 18
14 16 32 47 52 16
11 16 33 40 41 26
05 27 36 38 41 12
05 06 16 36 58 03
12 23 25 27 43 26
15 16 46 50 58 26
03 17 19 25 32 17
02 05 31 39 41 26
03 14 20 34 48 21
03 08 13 41 56 16
06 10 23 41 45 01
10 37 40 46 52 12
05 09 28 32 38 26
03 07 21 44 53 16
13 14 17 43 54 15
17 29 31 52 53 26
07 37 43 48 52 16
11 23 26 46 55 26
01 06 08 12 35 03
04 07 08 29 39 24
01 36 40 52 53 20
10 12 31 56 57 26
13 18 36 48 58 26
06 08 30 39 48 20
09 19 31 56 59 02
03 23 48 54 55 05
22 26 31 54 55 18
07 12 26 36 40 17
21 22 26 30 57 26
06 13 19 23 43 16
02 11 26 34 41 26
10 13 14 22 52 11
09 31 35 41 57 26
02 06 19 21 27 25
09 14 17 49 57 02
22 28 33 53 59 14
04 26 33 36 55 26
02 11 22 26 32 19
16 22 23 42 55 26
28 36 40 48 55 01
07 46 47 52 57 17
13 19 23 33 57 26
01 18 33 39 46 26
08 28 30 53 56 16
03 06 29 40 51 04
02 13 35 36 52 11
30 31 45 55 59 26
02 08 22 35 37 06
01 22 34 38 42 17
14 25 27 38 58 06
09 29 40 44 54 07
09 23 40 53 58 06
08 24 39 49 59 05
21 24 36 42 45 15
05 25 30 58 59 26
04 12 14 37 58 13
04 11 17 43 51 20
18 21 46 54 56 23
30 40 42 46 48 23
12 17 25 45 59 19
06 07 09 19 32 13
02 07 25 40 56 20
02 09 26 45 47 11
02 19 22 26 45 24
11 19 33 42 52 26
01 17 25 37 44 20
07 10 22 32 35 19
12 17 45 54 58 13
02 07 17 49 53 23
14 47 52 53 54 05
04 06 25 42 51 17
11 12 17 39 40 05
03 09 19 33 38 18
08 10 26 57 58 04
03 26 28 34 42 26
09 33 54 56 57 05
03 23 31 34 47 13
04 06 34 49 56 26
02 36 40 49 54 10
13 23 24 27 40 17
01 05 10 15 49 22
03 09 37 49 56 26
05 31 50 55 56 09
10 29 37 44 59 10
04 18 23 32 45 07
05 12 43 52 55 10
18 25 50 55 57 17
05 26 44 45 57 26
06 09 11 31 44 25
13 20 32 45 48 17
01 10 13 18 19 26
14 25 32 33 41 26
07 24 37 39 40 01
25 36 40 45 51 08
23 28 38 39 56 26
08 35 44 51 56 18
15 24 40 48 52 23
19 20 37 41 58 14
10 28 39 47 58 22
10 15 33 48 54 26
07 08 09 24 29 25
13 14 19 31 38 25
01 02 07 09 55 26
08 12 18 55 57 02
11 23 28 32 47 20
05 12 15 27 38 07
08 17 32 57 59 24
24 25 34 37 54 26
36 44 49 52 57 01
02 09 14 21 23 03
01 17 35 49 54 26
02 03 13 14 54 04
11 12 17 38 42 02
03 08 25 30 47 13
03 07 09 26 54 19
10 14 24 32 41 26
14 15 28 37 54 10
02 05 34 51 58 09
02 19 23 34 43 14
13 28 31 55 58 15
28 33 41 44 59 21
02 03 12 27 38 17
08 13 19 22 53 24
11 21 26 33 34 26
09 14 44 48 49 26
14 26 45 54 55 20
34 39 42 44 59 08
05 06 29 35 51 21
19 25 29 36 48 12
03 07 22 30 33 20
02 09 11 19 50 26
05 15 16 46 49 26
17 29 31 48 49 26
04 31 41 47 55 01
07 33 39 52 55 26
23 32 39 47 49 22
04 20 34 39 58 26
15 16 28 49 55 18
02 24 28 32 59 25
15 27 31 34 48 01
01 07 10 22 49 24
28 30 35 58 59 15
14 18 25 33 49 23
09 33 42 45 54 26
06 09 29 52 59 07
05 06 37 41 54 26
10 20 25 50 53 26
08 18 45 53 58 26
24 34 36 57 58 11
09 25 42 55 57 14
02 03 07 23 51 26
05 15 18 26 32 26
10 17 25 45 53 09
04 10 12 22 31 03
24 28 30 38 39 16
13 30 42 49 53 26
12 26 44 46 47 26
01 08 24 28 49 24
03 12 31 34 51 24
08 37 39 40 52 24
07 08 17 48 59 09
04 08 21 38 40 03
28 32 35 36 52 26
17 24 26 45 46 19
05 28 31 52 59 26
02 16 43 45 51 26
09 29 31 43 50 18
02 14 39 40 43 13
01 06 16 37 53 26
18 25 36 48 50 23
22 23 30 37 39 16
07 14 21 24 41 26
02 11 35 52 54 13
01 04 18 20 45 07
13 18 24 25 33 26
05 16 31 46 50 18
10 19 37 38 39 26
05 07 19 27 28 20
20 26 27 36 54 19
29 30 40 42 50 16
06 10 51 54 57 12
25 28 48 57 59 16
01 03 13 25 38 17
02 11 19 21 42 26
09 19 33 38 54 15
37 39 51 52 55 11
13 16 33 35 51 26
06 36 38 48 51 17
23 49 53 54 57 26
16 17 22 46 54 26
13 24 30 42 48 26
25 30 32 46 54 26
12 15 22 43 49 14
34 44 48 54 55 10
05 13 28 43 55 26
22 31 38 47 48 15
14 15 19 31 56 05
11 12 46 47 50 22
07 10 11 14 36 15
17 27 37 40 53 26
04 18 43 46 55 25
14 15 47 49 59 10
02 09 19 28 29 19
02 04 10 41 53 22
15 16 23 27 36 09
11 12 15 28 57 23
16 19 20 29 33 10
12 24 35 36 49 01
05 11 16 26 50 26
24 36 51 52 56 22
05 10 21 34 58 26
11 13 25 39 54 19
01 24 44 45 51 26
01 09 29 32 49 22
10 14 18 34 51 26
17 19 21 32 39 08
11 17 25 28 46 12
08 12 15 35 50 26
34 36 38 42 50 26
11 24 31 40 44 26
08 14 39 46 47 18
14 25 30 33 47 08
11 16 30 38 42 07
07 19 23 50 54 14
02 04 06 12 38 17
02 30 33 39 44 01
33 39 40 41 54 26
01 19 45 46 58 26
01 12 32 42 58 12
01 16 21 29 40 26
13 22 23 29 31 17
10 14 25 39 53 18
21 33 35 38 45 12
01 26 34 38 51 06
02 06 11 30 31 26
23 24 27 39 41 26
04 15 17 35 58 17
01 25 29 31 47 07
24 29 38 48 52 26
01 12 28 35 44 25
09 15 17 31 43 16
08 15 34 53 59 23
08 09 25 56 57 22
06 08 13 37 40 11
08 13 18 27 43 15
31 32 48 49 53 25
29 41 48 52 54 26
20 21 22 41 54 07
09 10 16 20 57 15
03 05 10 22 32 07
18 28 35 46 49 26
07 24 26 31 41 25
03 06 14 18 24 21
04 15 25 27 30 18
11 39 46 52 54 03
13 16 34 45 50 11
06 37 39 45 55 26
12 31 43 44 57 11
27 29 34 41 44 02
04 22 27 28 52 26
07 13 24 49 57 15
09 11 14 16 42 19
09 34 48 52 54 15
08 13 29 38 52 26
03 13 17 42 52 24
06 08 43 48 50 07
04 12 14 21 55 07
02 22 32 45 56 12
18 21 25 28 29 16
17 22 30 46 56 16
10 16 18 29 45 19
44 45 47 50 51 08
02 03 13 16 35 26
05 07 24 31 39 07
12 17 26 43 48 24
08 29 41 51 58 05
23 31 42 50 57 05
21 39 40 55 59 17
06 26 33 44 46 04
18 30 40 48 52 09
12 27 29 43 68 01
15 20 29 31 40 01
48 49 57 62 69 19
30 32 42 56 57 11
20 31 56 60 64 02
04 54 56 62 63 10
09 20 25 47 68 07
02 12 17 20 65 17
07 16 25 50 53 15
04 26 32 55 64 18
14 22 37 45 66 05
17 40 41 46 69 06
37 47 50 52 57 21
16 29 53 58 69 21
02 06 47 66 67 02
14 18 19 32 64 09
13 27 33 47 68 13
07 10 16 46 56 01
02 14 19 30 62 22
09 10 32 42 55 06
28 30 41 59 68 10
16 38 55 63 67 25
27 40 44 59 65 20
12 36 38 54 61 22
05 06 15 29 42 10
02 11 47 62 63 17
16 19 32 34 57 13
04 08 19 27 34 10
03 51 52 61 64 06
05 39 44 47 69 24
22 32 34 40 69 19
03 12 40 52 67 21
05 12 16 31 43 18
26 28 31 60 67 23
04 13 31 36 52 08
02 03 40 50 62 05
07 15 18 19 36 20
07 17 27 29 40 25
11 12 15 16 54 25
21 31 64 65 67 05
10 11 21 22 53 18
12 13 44 52 62 06
03 27 34 59 69 19
14 23 32 34 68 03
11 28 50 57 62 23
10 12 13 46 50 21
11 23 43 54 60 03
05 08 15 22 49 25
11 23 42 52 68 06
24 44 53 55 63 19
09 28 30 40 61 03
04 28 49 60 65 25
14 22 23 41 61 09
30 33 35 38 64 22
03 18 25 32 51 03
12 25 30 52 62 08
19 35 46 59 62 13
02 25 33 39 64 17
03 12 16 32 34 14
30 47 57 66 69 03
05 25 26 44 66 09
20 32 52 66 69 23
13 27 47 64 65 09
23 25 39 54 67 11
05 07 09 23 32 26
11 24 41 59 64 15
06 33 34 58 59 12
23 30 33 40 69 12
16 20 22 43 64 17
12 25 37 60 69 20
20 27 36 41 58 07
04 22 24 31 33 10
02 23 41 53 63 11
14 40 42 43 52 17
03 27 36 56 69 25
23 29 37 60 64 06
10 34 39 59 63 04
02 24 31 57 66 18
10 28 32 61 64 12
03 15 29 54 57 10
11 17 40 50 62 26
06 25 35 58 66 05
05 07 23 35 39 11
10 47 50 65 68 24
11 17 21 23 32 05
09 11 27 66 67 02
20 33 36 47 52 12
23 56 61 64 67 12
38 44 60 64 69 06
33 44 49 50 52 08
03 06 21 60 68 24
09 11 25 64 65 16
04 32 48 49 63 20
05 10 24 56 61 12
07 39 50 59 67 25
22 23 29 33 55 21
03 17 49 55 68 08
10 11 23 28 31 14
09 19 51 55 62 14
01 28 63 67 69 17
07 15 20 29 41 22
30 38 52 53 62 01
02 12 50 61 64 01
08 18 27 29 60 15
03 54 61 64 68 09
16 30 34 37 44 16
23 49 57 64 67 20
10 16 38 43 63 23
01 28 33 55 56 22
02 03 16 48 56 24
19 20 21 42 48 23
13 18 37 54 61 05
21 31 50 51 69 08
01 25 28 31 54 02
08 17 20 27 52 24
28 41 61 63 65 07
16 24 28 43 61 21
07 32 41 47 61 03
17 19 21 37 44 16
03 14 18 25 45 07
08 10 26 27 33 22
41 48 49 53 64 20
12 21 32 44 66 15
18 26 37 39 66 15
01 08 16 40 48 10
25 33 40 54 68 03
28 38 42 51 52 21
16 23 30 44 58 04
01 03 28 57 67 09
16 17 29 41 42 04
03 12 24 37 63 10
01 03 13 16 43 24
23 55 59 64 69 13
09 40 41 53 58 12
23 25 45 52 67 02
18 28 62 66 68 22
12 20 39 49 69 17
09 43 57 60 64 10
06 13 16 17 52 25
14 20 42 49 66 05
05 09 17 37 64 02
05 28 33 38 42 19
03 07 09 31 33 20
10 13 28 52 61 02
06 32 47 62 65 19
10 16 40 52 55 17
02 18 19 22 63 19
23 33 42 46 59 04
01 26 41 50 57 11
16 30 41 48 53 16
13 25 44 54 67 05
02 09 27 29 42 09
18 31 32 45 48 16
08 15 31 36 62 11
09 32 36 44 65 01
08 20 46 53 54 13
23 36 51 53 60 15
08 14 61 63 68 24
05 22 26 45 61 13
01 19 37 40 52 15
21 39 41 48 63 06
01 15 18 26 51 26
22 23 24 45 62 05
17 18 49 59 66 09
11 21 31 41 59 21
29 31 46 56 62 08
17 20 32 63 68 19
04 11 39 45 48 09
05 22 45 47 54 03
28 32 33 38 62 15
05 10 28 55 67 09
04 33 39 46 60 06
03 09 21 41 54 25
05 21 57 66 69 13
05 22 43 57 63 24
10 13 32 53 62 21
14 46 61 65 68 13
10 22 32 36 58 10
29 37 46 53 68 08
19 42 45 48 53 16
04 09 16 54 68 21
08 10 29 40 59 26
01 02 18 23 61 09
09 40 63 64 66 17
50 51 59 61 63 04
05 32 44 53 60 09
07 19 21 42 69 12
01 28 40 45 48 12
01 16 54 63 69 18
11 21 28 33 45 11
12 30 36 47 62 09
20 24 26 35 49 19
09 15 43 60 64 04
17 19 39 43 68 13
06 07 16 23 26 04
07 15 32 38 66 15
19 28 43 67 69 07
06 21 41 52 62 26
08 14 32 58 67 17
06 20 29 57 59 22
17 24 35 57 63 19
17 18 24 25 31 24
39 48 53 67 68 26
24 45 55 56 57 19
08 10 21 23 25 22
08 12 25 41 64 15
22 23 62 63 66 24
10 49 61 63 65 07
01 03 13 19 69 23
32 37 56 66 69 11
30 49 54 66 69 08
14 41 42 45 69 04
18 22 29 54 57 08
27 35 38 57 66 10
03 06 19 26 44 01
12 14 26 48 51 13
12 14 20 21 34 22
04 06 16 30 56 18
23 32 44 48 50 25
17 28 31 32 39 26
35 37 46 51 61 13
08 13 27 53 54 04
24 26 28 59 63 16
28 30 32 36 58 06
19 20 50 55 62 09
25 36 37 55 60 06
02 24 28 51 58 07
09 35 37 50 63 11
01 20 61 64 69 20
01 03 13 15 44 25
03 09 16 56 60 03
28 36 41 51 58 24
02 18 37 39 42 12
12 61 30 29 33 26
07 24 33 49 50 04
14 25 35 58 69 24
03 33 37 51 57 21
26 28 47 49 58 03
05 09 11 33 64 21
17 21 26 47 54 07
04 07 14 46 59 22
15 23 27 48 53 06
23 34 35 40 47 10
01 13 27 41 59 20
37 39 44 46 69 26
13 26 39 44 62 02
07 15 31 34 36 08
24 25 38 62 63 06
12 30 59 65 69 16
13 17 25 36 40 05
06 13 19 36 51 18
43 44 54 61 69 22
06 12 24 41 68 09
22 57 59 60 66 07
03 04 18 29 61 25
10 33 45 53 56 24
06 08 26 52 53 21
08 24 52 55 61 21
08 24 42 54 64 24
02 17 20 38 39 20
16 18 27 55 67 18
17 19 26 61 62 15
09 10 12 17 23 09
40 50 54 62 69 19
17 18 39 56 64 12
20 22 28 45 50 08
05 14 31 40 50 06
14 29 36 57 61 17
11 16 38 50 69 19
22 42 45 55 56 14
17 19 21 22 51 19
03 06 09 17 56 25
20 54 56 61 64 07
01 21 31 45 49 21
17 23 26 46 68 20
23 25 37 44 64 07
23 28 41 53 56 14
06 10 15 25 36 14
13 20 38 45 55 01
09 45 57 58 65 09
04 14 23 27 56 13
16 29 43 45 56 25
07 28 37 62 63 15
03 09 20 42 61 24
04 07 15 41 44 10
01 10 43 45 64 22
19 21 27 46 47 07
22 41 42 49 67 11
01 10 27 28 36 12
09 23 56 58 68 01
02 18 41 44 64 26
22 27 46 56 65 13
05 22 32 38 58 26
03 11 38 44 58 02
10 21 30 43 63 17
05 43 56 62 68 24
12 15 28 47 48 16
24 34 52 61 67 16
01 07 45 47 69 13
20 25 54 57 63 08
25 41 53 57 67 12
11 54 55 61 66 09
06 15 50 59 60 13
03 13 20 32 33 21
06 28 48 63 64 24
02 18 19 24 34 03
04 39 48 50 51 11
24 61 63 64 69 18
01 02 07 30 50 08
09 17 34 59 64 22
41 53 59 63 66 03
01 22 27 53 67 15
08 23 27 42 60 07
11 14 32 43 65 15
03 57 64 68 69 15
16 54 57 62 69 23
03 21 45 53 56 22
08 12 13 19 27 04
07 25 39 40 47 20
15 21 24 32 65 11
26 28 34 42 50 25
05 29 34 53 57 24
07 42 49 62 69 23
06 08 20 52 68 05
07 14 23 38 55 18
11 33 51 56 58 18
04 19 59 68 69 21
10 11 47 55 58 26
09 11 36 37 38 11
14 32 34 46 61 10
04 09 21 29 64 26
08 38 43 52 55 17
21 28 30 40 59 26
15 29 31 37 43 16
05 25 38 52 67 24
12 42 51 53 62 25
08 12 42 46 56 12
03 07 15 27 69 19
06 19 37 49 59 22
07 36 48 57 58 24
14 29 31 56 61 01
05 08 41 65 66 20
23 25 47 48 50 24
08 12 20 21 32 10
02 12 16 29 54 06
10 17 18 43 65 13
05 13 28 38 63 21
01 02 03 07 39 25
02 08 14 24 69 26
29 30 41 48 64 01
27 49 50 51 52 02
04 06 14 20 32 13
21 31 42 49 59 23
01 19 25 27 68 21
06 10 21 35 46 23
05 06 45 55 59 14
18 36 45 47 69 14
30 34 39 53 67 11
10 14 50 53 63 21
24 25 52 60 66 05
16 20 37 44 62 12
21 52 54 64 68 04
16 19 25 32 49 18
15 33 43 59 60 08
12 21 23 39 67 06
04 17 26 32 49 10
01 15 17 46 66 15
03 27 30 63 65 01
06 32 35 36 65 04
02 29 41 45 62 06
05 23 28 56 66 17
06 16 23 30 61 02
01 45 53 64 66 03
06 08 09 37 40 26
07 17 33 61 68 04
02 10 25 66 67 26
07 10 20 44 57 03
01 02 39 43 66 02
03 32 34 42 61 07
06 15 34 45 52 08
17 23 28 34 38 08
09 13 42 48 60 18
05 35 38 42 57 13
08 11 14 16 49 14
04 18 21 26 38 01
03 06 11 14 66 21
01 05 16 22 54 24
13 17 24 59 62 08
40 43 45 50 61 25
04 08 23 46 65 01
07 09 26 44 68 03
13 23 32 35 68 21
19 43 47 60 68 10
05 26 36 64 69 19
22 29 35 53 56 13
01 19 31 48 61 06
14 37 47 55 67 06
03 06 45 66 68 13
08 32 47 53 59 03
35 41 44 58 59 03
10 13 30 51 69 10
18 21 24 30 60 20
12 21 22 29 32 21
05 12 20 21 47 01
09 32 37 41 56 14
14 41 50 56 57 18
04 08 30 52 59 02
11 20 41 42 56 06
06 17 24 53 57 03
11 27 31 36 67 11
14 19 39 47 51 15
01 09 22 36 68 22
37 43 44 45 53 25
15 23 34 51 55 04
04 08 10 43 53 07
06 14 36 51 54 04
05 18 33 43 65 02
12 29 34 53 65 23
01 05 25 63 67 03
14 27 29 59 65 12
05 12 50 61 69 23
03 20 48 54 59 04
19 22 52 56 67 21
03 23 32 37 58 22
15 28 46 62 64 17
14 17 35 38 60 25
23 26 27 28 66 11
14 22 26 55 63 26
07 15 39 40 57 12
28 35 38 61 66 23
15 26 37 53 55 21
15 35 42 63 68 18
26 35 48 47 6 21
15 26 31 6 20 9
53 16 15 42 20 17
46 15 43 44 32 19
41 8 7 55 23 23
32 15 8 11 50 26
41 44 20 54 50 22
56 27 29 20 58 26
23 3 7 42 27 26
5 52 14 38 39 6
53 41 36 32 37 26
52 8 49 51 32 23
24 41 17 47 39 21
23 43 25 35 13 15
14 41 12 13 35 26
58 12 5 1 13 21
41 58 27 39 44 17
37 46 14 34 55 26
46 50 27 28 26 21
18 13 4 59 49 5
26 36 7 49 58 4
58 59 32 50 42 26
57 30 19 48 32 14
12 8 22 29 14 22
32 37 46 50 7 26
51 10 45 11 14 17
19 26 54 41 2 23
51 46 26 3 11 23
38 22 59 49 14 16
34 51 45 6 16 4
16 5 49 30 25 26
15 30 5 40 25 6
45 49 50 13 32 26
2 50 38 21 20 22
50 57 24 12 48 22
52 54 41 42 57 26
34 20 36 39 18 19
7 8 29 20 25 11
25 24 49 30 5 23
17 56 37 40 51 25
13 28 56 41 38 25
16 18 51 53 4 23
35 27 16 9 57 26
23 47 36 18 59 26
1 53 20 37 52 26
43 23 1 21 30 11
6 51 3 20 32 23
43 14 31 51 24 26
14 26 32 15 36 12
32 10 25 47 34 5
45 37 50 33 4 11
34 25 41 49 46 26
53 37 46 39 5 8
38 2 43 5 59 8
33 5 52 46 17 9
6 22 4 16 32 11
21 26 47 4 28 26
26 50 57 52 51 26
39 1 4 42 20 2
50 56 42 53 19 26
22 4 41 44 9 14
38 53 9 52 32 15
48 39 26 18 22 17
53 24 51 16 18 16
28 22 3 11 18 26
53 9 37 5 42 26
20 41 13 35 16 6
26 42 58 27 15 26
45 10 23 30 18 2
22 20 32 16 37 9
51 42 1 59 23 20
5 16 6 21 12 7
52 19 57 34 23 21
23 30 42 35 31 6
6 7 40 56 31 26
30 40 37 32 19 26
49 32 4 15 58 21
12 7 22 31 8 18
45 20 38 42 3 26
6 36 50 19 59 13
52 42 30 8 26 15
30 15 48 22 37 12
7 28 44 43 15 20
59 22 26 16 27 5
46 49 7 35 28 20
52 56 1 6 48 9
21 57 58 14 50 7
2 33 41 54 9 14
48 2 16 41 3 19
23 47 10 20 54 26
49 27 23 52 19 21
16 29 26 45 41 1
7 44 33 30 51 10
13 7 47 3 34 26
59 27 56 28 21 21
6 1 44 55 49 26
3 58 16 20 42 7
32 49 42 56 17 11
31 46 13 45 41 21
44 15 56 39 2 15
33 8 45 9 2 5
5 22 45 49 10 26
18 53 5 28 20 26
24 44 30 32 7 18
33 26 14 41 1 26
10 32 18 5 23 4
6 37 42 20 25 25
26 20 54 46 38 23
9 5 59 23 2 26
46 34 25 8 39 26
8 56 10 18 43 9
31 52 23 33 38 24
38 22 55 24 17 24
11 53 8 7 17 26
12 43 15 31 26 10
17 2 32 22 41 8
3 19 32 54 14 24
11 7 30 24 18 26
40 14 28 26 31 13
37 6 41 24 15 26
53 9 39 43 35 10
17 21 25 16 55 3
5 55 33 39 36 21
11 31 52 26 34 14
19 32 26 45 17 14
8 45 13 39 38 26
7 44 8 12 3 26
18 45 25 1 29 2
18 33 36 4 8 26
40 4 41 6 26 15
37 50 20 30 52 26
48 1 3 38 14 2
17 52 10 33 51 5
40 10 14 32 49 15
3 13 38 32 48 13
39 3 17 47 7 9
48 12 54 17 2 2
39 4 32 1 26 18
43 39 8 9 55 26
40 24 13 29 52 26
32 36 13 21 5 26
47 30 40 28 6 24
12 26 32 23 44 20
29 17 7 51 43 26
37 28 15 53 14 18
26 54 49 25 17 11
49 38 40 46 50 26
14 32 47 2 15 26
13 49 31 48 36 11
47 33 18 48 24 23
15 24 47 35 16 26
5 43 34 52 40 20
31 10 5 23 19 26
53 40 32 49 43 21
24 37 5 36 51 19
5 28 33 2 54 26
25 55 3 51 45 13
51 55 21 12 13 18
52 11 14 35 41 2
55 46 53 6 28 2
3 23 15 42 29 17
20 50 12 2 22 17
5 31 7 49 53 14
24 47 34 1 48 18
46 33 52 48 4 17
26 32 14 34 44 6
53 45 14 21 25 9
8 7 50 31 9 26
52 9 31 39 12 26
50 31 9 20 11 14
7 49 18 28 21 1
26 44 34 12 48 9
18 5 52 40 20 3
9 17 3 14 25 8
18 45 22 10 37 9
40 33 51 52 41 6
21 33 42 7 16 25
12 21 14 15 43 26
46 29 21 32 19 26
30 7 18 45 41 6
42 26 25 28 9 26
25 51 43 17 1 26
27 45 7 12 17 24
22 39 21 20 11 1
24 13 19 39 33 8
21 18 11 16 51 16
52 11 55 48 29 26
46 13 32 3 19 18
30 47 27 12 37 26
37 1 55 44 34 26
18 36 31 25 20 7
20 37 49 9 12 17
48 46 28 25 7 19
6 42 43 47 22 16
30 12 34 19 36 8
29 49 17 34 31 16
10 15 23 16 31 5
31 21 19 2 55 19
37 48 53 20 24 11
23 29 8 13 47 26
20 9 36 22 12 26
3 49 4 20 8 18
32 13 38 51 19 26
24 4 23 43 30 26
3 43 5 42 12 5
14 44 25 26 16 26
55 2 17 41 54 17
39 53 35 11 54 24
48 47 35 4 16 26
28 20 23 25 27 2
9 18 47 38 19 11
47 53 43 23 39 14
2 20 13 23 21 24
33 11 16 4 40 9
31 34 48 11 2 5
8 12 49 17 35 18
55 32 8 54 41 20
34 10 38 5 11 21
22 15 42 18 23 26
47 22 37 48 50 17
7 40 55 33 14 15
41 32 39 55 7 13
23 39 8 32 37 26
7 1 23 35 13 19
13 11 20 3 40 20
53 52 49 27 17 23
16 30 20 18 48 6
6 26 30 24 22 12
46 22 35 52 29 2
29 18 6 37 16 24
13 25 30 40 43 12
10 52 11 49 18 2
40 10 11 37 54 10
46 15 42 19 14 26
31 54 33 16 12 5
33 32 51 8 30 2
2 4 15 28 14 23
38 55 33 31 49 26
27 54 25 31 44 8
4 9 18 55 43 3
26 25 20 46 45 15
51 48 16 13 27 21
47 5 24 26 33 1
48 30 21 20 11 18
19 39 23 37 12 13
33 47 13 16 44 26
23 29 35 8 2 19
12 37 48 40 50 26
15 12 31 28 50 12
19 51 24 22 38 9
37 1 11 10 40 20
52 21 9 16 30 9
27 24 2 36 23 3
16 52 9 23 51 12
19 24 47 27 15 11
28 35 47 40 53 26
46 39 30 14 43 14
9 42 14 40 3 3
1 36 30 34 21 26
43 42 20 29 8 26
47 21 41 15 27 20
17 49 15 1 2 26
38 39 47 24 46 26
9 13 11 24 43 18
27 43 14 15 53 26
32 31 55 37 23 26
8 47 4 51 32 26
47 28 13 30 10 26
10 7 32 25 41 22
45 14 48 5 9 26
2 36 22 32 47 26
55 7 54 23 35 26
21 5 46 1 51 26
38 24 3 11 36 6
26 19 45 21 3 2
42 7 16 6 34 23
30 51 53 44 46 25
29 21 13 40 50 6
40 1 8 47 35 9
16 43 46 49 22 10
14 12 13 17 53 11
45 26 28 22 33 17
13 10 24 12 6 19
12 49 21 36 38 18
42 51 6 38 15 18
28 55 54 2 31 23
39 19 53 30 40 16
36 5 2 16 40 26
47 6 35 20 37 1
53 38 40 10 48 3
53 38 24 54 16 5
17 47 44 7 54 3
44 4 27 30 39 18
42 18 43 34 14 26
18 16 46 19 13 26
16 22 5 1 48 6
41 20 13 42 53 2
42 55 38 54 36 24
8 2 29 22 37 3
35 1 15 37 45 26
3 30 26 54 55 15
41 11 16 42 2 16
22 4 28 37 52 10
13 20 33 42 12 26
48 42 2 25 15 14
10 26 19 32 27 14
53 29 9 42 19 17
1 38 5 26 32 26
52 35 16 49 50 26
21 1 26 23 25 4
45 54 42 53 36 26
24 40 1 50 49 26
12 55 24 35 10 26
31 28 23 9 36 26
14 29 16 27 41 26
27 43 53 8 52 5
6 26 14 1 34 26
28 17 36 5 51 5
33 32 19 54 42 15
38 36 35 7 34 14
42 34 50 45 17 11
2 9 12 8 19 25
55 49 28 5 18 26
22 49 32 36 55 8
42 36 19 1 8 20
11 28 43 30 34 26
40 49 38 35 55 26
12 53 8 11 26 4
44 13 34 12 39 5
46 54 13 7 8 26
38 22 41 30 14 12
16 40 43 48 42 1
45 55 29 9 31 7
41 2 24 34 48 24
26 15 1 17 40 19
38 10 35 5 12 9
4 31 45 3 8 12
39 27 7 3 40 8
30 32 15 39 6 5
49 23 33 35 28 16
21 45 26 13 50 20
54 8 7 29 17 26
26 42 27 7 8 12
15 47 19 45 26 3
20 47 3 22 19 2
27 35 21 55 2 1
24 28 3 49 8 25
35 3 19 43 33 1
26 24 42 38 46 16
17 8 51 24 38 26
12 51 29 22 26 9
22 2 13 50 48 2
14 54 27 18 13 26
52 19 43 41 16 26
48 50 3 9 2 23
24 19 10 16 13 15
14 39 55 19 26 26
10 5 24 17 43 26
40 47 14 55 54 6
44 50 2 38 32 21
36 20 47 50 35 5
31 33 30 18 19 15
50 44 49 32 37 13
26 52 39 41 53 20
40 35 42 2 31 26
45 51 8 16 2 26
39 8 47 11 30 23
11 19 22 43 45 26
39 48 20 22 10 25
4 40 14 48 15 12
36 54 24 26 16 11
20 10 4 26 40 8
20 5 18 50 6 26
49 22 20 43 10 3
41 6 27 23 47 19
3 12 47 51 2 10
23 2 9 44 45 26
15 26 24 35 17 26
30 54 19 47 28 13
4 3 11 44 37 24
38 12 32 23 25 26
38 19 6 42 4 26
19 40 35 30 41 14
55 26 48 24 12 14
4 6 27 5 18 24
32 53 34 5 28 10
46 23 13 28 18 26
34 41 26 35 16 24
35 4 43 44 23 26
55 10 50 1 23 26
24 28 54 2 14 13
20 37 34 45 39 26
45 38 23 22 18 26
25 1 36 42 34 19
36 48 54 7 12 26
54 37 35 52 16 26
5 7 21 1 43 20
13 52 22 55 27 26
25 10 35 41 38 23
51 3 48 46 37 22
47 53 23 55 9 26
44 48 15 43 17 26
39 35 3 13 40 26
38 7 51 40 52 14
48 32 25 14 54 10
38 30 4 13 12 26
13 30 55 11 35 26
26 15 28 36 14 26
52 37 50 43 10 14
53 38 15 29 52 7
49 14 6 46 40 17
18 14 3 17 6 14
2 21 43 32 16 6
23 10 48 54 42 3
12 46 15 54 30 1
4 10 34 50 33 14
23 43 12 16 9 26
24 44 53 36 46 18
45 15 8 16 51 11
45 34 42 3 21 26
45 30 54 41 19 14
2 26 42 15 37 26
42 23 19 27 52 1
34 28 53 37 45 26
24 25 9 27 12 26
15 54 20 41 8 22
5 20 44 21 18 26
48 41 17 55 37 26
5 49 14 13 31 26
37 25 50 29 7 17
41 14 6 11 27 26
41 50 22 19 14 21
43 39 2 42 10 23
36 6 53 51 7 17
49 21 44 7 43 26
34 1 7 8 45 15
54 51 9 18 4 10
26 31 35 50 46 26
25 30 45 2 15 17
18 54 38 8 45 23
7 22 27 48 50 17
2 10 43 55 31 14
35 28 34 3 50 8
49 52 5 9 27 6
24 50 21 42 49 1
10 11 8 48 50 16
32 50 12 40 54 26
30 3 31 1 43 26
17 19 13 50 41 13
8 39 31 44 22 11
35 9 26 11 51 26
27 13 28 29 49 26
8 43 53 30 3 15
2 37 43 18 1 26
31 13 49 38 36 2
9 1 19 36 53 26
39 5 24 19 28 24
14 38 35 8 46 24
4 13 10 29 1 3
28 13 20 32 16 26
51 7 32 39 6 26
50 33 32 41 8 22
5 23 43 4 13 26
53 39 8 9 47 4
12 25 48 2 30 26
29 9 10 52 39 20
42 8 49 22 3 26
28 32 40 7 31 14
13 51 42 23 9 15
10 5 24 16 8 5
39 20 22 14 44 14
3 46 10 24 14 26
16 44 7 38 48 18
34 50 39 42 15 12
39 24 5 28 7 26
29 46 27 31 42 26
7 30 5 10 2 23
17 7 20 13 35 26
46 49 5 48 25 6
47 44 23 21 39 19
27 33 40 10 21 2
8 48 32 15 17 24
42 11 32 13 18 4
15 8 50 9 13 9
7 16 33 34 46 26
37 51 6 13 52 25
46 11 1 35 53 26
5 14 11 51 22 17
11 9 5 17 46 26
35 12 9 51 41 26
29 23 40 45 37 26
41 1 21 32 28 9
19 38 11 25 50 26
20 17 10 23 45 26
40 9 27 53 13 26
48 18 46 3 10 8
33 22 49 30 8 6
4 48 15 10 51 13
12 15 18 52 27 26
48 21 41 27 25 25
50 21 28 18 49 16
10 15 9 18 29 9
44 11 34 47 37 23
16 44 40 10 11 2
41 29 20 16 11 12
5 32 48 47 43 26
33 32 34 11 23 26
49 32 9 18 33 26
37 49 21 51 26 25
50 21 27 38 23 26
11 22 24 9 43 2
10 7 37 4 30 26
47 22 23 26 44 12
44 33 29 38 24 7
39 29 32 53 45 16
7 11 31 24 2 18
30 1 29 25 45 12
38 1 53 11 6 11
16 53 41 7 6 23
17 13 50 35 45 2
30 9 22 6 16 4
44 28 36 38 3 1
16 35 47 36 28 26
47 49 53 3 19 4
45 50 48 4 29 1
31 15 46 25 36 26
33 34 26 5 6 13
14 43 45 21 29 26
18 22 33 40 38 19
20 27 48 40 30 11
40 51 44 11 17 21
41 46 11 17 1 24
22 42 5 36 20 11
10 48 47 3 1 26
50 19 44 5 6 26
32 35 29 13 2 4
35 16 37 28 33 17
41 11 40 48 25 3
37 6 34 14 40 7
14 36 31 2 27 9
28 17 1 50 8 20
36 25 49 46 34 9
28 4 2 33 52 18
46 15 26 25 13 26
44 45 33 51 31 26
35 6 30 45 39 26
32 1 50 30 37 19
40 27 39 16 3 3
10 33 5 51 29 26
16 34 9 8 48 8
37 11 26 22 51 21
47 31 14 35 45 26
40 4 39 19 50 22
52 29 2 3 13 25
42 38 46 31 3 2
23 45 50 20 36 9
9 49 24 45 50 26
17 44 23 16 26 13
41 34 30 25 18 10
3 30 8 47 12 23
47 45 2 31 29 4
17 47 9 32 41 8
16 20 9 12 39 1
2 37 36 48 9 16
16 18 48 39 26 22
6 52 48 43 20 26
41 5 42 39 26 26
26 6 12 29 5 26
1 16 32 39 30 2
38 10 31 3 35 16
31 14 41 37 15 26
1 26 46 27 43 26
42 45 11 31 35 26
37 3 43 9 17 26
21 25 16 9 32 8
1 34 47 10 39 26
27 34 52 49 42 23
2 44 35 13 22 26
11 8 51 42 34 26
41 4 42 34 29 11
38 22 1 20 6 22
7 37 2 35 16 10
43 7 26 6 32 13
15 31 39 34 50 26
30 17 2 15 34 26
39 47 43 20 18 26
44 14 24 27 2 6
24 15 20 43 7 5
50 44 11 48 45 2
10 41 22 20 49 6
49 46 17 51 9 9
23 11 17 53 5 26
4 47 17 11 5 26
22 26 53 48 15 14
50 36 24 4 44 2
25 10 35 43 24 26
5 50 52 16 28 4
46 39 31 35 34 3
17 7 32 25 12 26
37 6 3 27 41 26
17 13 8 39 48 26
1 38 37 5 53 26
17 45 41 34 13 17
48 32 9 45 8 15
13 2 27 19 50 5
44 4 18 14 7 25
42 4 22 5 41 2
5 7 28 18 35 1
17 34 32 16 43 26
1 44 6 34 31 25
48 24 12 25 20 26
43 15 18 21 19 7
17 25 44 19 26 19
40 4 17 26 37 15
24 45 21 41 37 26
37 1 43 10 35 26
39 14 43 51 36 15
16 1 3 41 37 19
45 9 12 29 17 4
36 42 26 16 47 26
20 8 22 32 52 26
22 11 7 19 20 1
5 24 52 38 8 22
20 38 27 6 39 26
34 19 37 47 16 18
22 34 19 8 53 26
6 17 48 45 47 4
53 27 25 3 28 26
35 22 25 34 33 14
29 6 39 52 9 8
11 32 45 14 21 21
6 25 7 8 1 18
8 13 29 44 48 26
48 20 9 41 30 26
28 47 19 20 17 26
13 33 11 31 28 26
32 2 19 34 24 2
32 28 6 19 10 26
3 33 30 17 29 26
41 15 6 20 18 17
19 9 6 24 40 26
35 49 41 36 9 26
31 46 36 42 24 26
39 50 51 46 1 7
35 22 46 48 8 15
15 20 42 37 13 7
44 26 48 35 31 26
25 40 18 23 26 15
48 11 14 26 31 26
41 42 17 40 46 25
26 31 49 22 18 26
9 34 30 10 32 11
51 37 34 16 4 26
34 48 29 14 30 1
30 18 49 28 27 20
50 51 6 16 52 23
17 49 5 25 37 21
26 17 24 45 16 26
44 14 7 41 9 25
43 5 35 50 26 4
27 15 19 44 36 17
19 45 21 20 46 20
12 42 50 40 26 3
44 46 16 12 43 26
27 17 11 40 26 6
26 53 24 14 2 1
46 26 52 10 30 26
17 6 16 19 38 16
41 32 30 4 35 9
18 42 13 5 50 4
34 52 45 20 33 21
1 2 6 20 10 26
13 35 18 51 34 26
14 40 39 47 21 6
32 13 17 33 7 26
36 11 13 5 22 26
51 14 23 15 31 26
48 10 18 40 46 26
39 50 41 25 4 26
17 52 27 35 28 2
46 14 49 7 23 20
47 17 50 12 35 13
25 2 17 9 36 8
29 5 31 49 47 25
45 52 41 30 12 26
24 44 52 25 5 20
20 45 1 21 5 24
37 28 44 2 24 6
28 7 6 27 41 3
34 27 23 31 10 11
10 2 9 6 5 26
16 11 44 17 6 26
29 1 42 38 26 26
49 7 12 19 47 6
21 23 13 20 2 26
2 7 48 9 5 26
12 53 30 27 10 26
10 15 51 12 49 21
40 30 20 28 43 3
34 4 52 48 17 10
17 42 44 30 4 15
9 46 48 45 51 2
44 16 22 46 26 20
11 39 1 40 37 23
42 43 34 53 18 17
50 2 15 38 43 26
53 14 5 16 29 7
39 34 52 5 22 26
52 50 14 33 2 22
42 44 24 17 8 26
6 14 22 12 33 21
17 27 32 3 48 1
35 13 20 21 40 26
19 1 4 21 29 8
1 25 40 53 20 19
49 21 15 19 16 5
14 22 44 21 29 3
40 51 32 33 35 1
50 18 23 38 31 20
53 38 30 40 36 8
9 19 17 12 11 23
34 35 15 32 8 26
9 23 41 19 16 12
18 30 2 14 31 26
4 42 18 25 20 26
23 49 46 52 26 26
9 38 43 10 42 5
22 14 39 43 19 12
4 5 43 2 38 26
24 22 12 35 31 8
49 36 23 12 1 9
45 11 28 40 3 26
44 42 6 27 32 10
14 5 40 26 31 26
6 3 39 26 48 26
24 12 19 34 6 18
26 15 18 36 31 20
24 18 45 5 10 20
48 1 47 6 43 26
19 4 33 16 41 26
11 16 21 35 27 26
13 40 35 47 46 26
2 4 34 22 6 26
17 5 44 22 2 26
16 19 34 37 22 20
13 3 2 26 6 10
25 10 40 11 45 25
22 49 42 3 37 8
31 43 37 45 26 26
2 39 27 9 36 13
7 19 38 48 49 10
45 4 35 33 36 22
9 24 17 23 6 14
16 37 1 48 26 9
4 7 3 11 1 23
16 42 8 7 43 15
49 39 27 13 18 20
48 46 26 42 37 26
18 1 21 36 47 26
17 27 2 6 19 2
49 28 18 35 31 13
29 9 42 33 30 26
20 5 22 34 23 19
25 2 32 31 18 1
30 33 37 36 49 26
3 36 15 16 40 22
11 6 34 25 28 26
12 6 9 20 7 20
48 3 26 32 45 6
12 18 1 33 9 14
13 1 16 43 33 1
40 27 34 44 42 8
2 23 36 3 22 22
38 16 22 33 32 13
29 17 12 7 48 21
22 16 30 15 35 20
14 36 8 29 17 3
29 13 8 16 19 26
35 43 15 40 46 26
39 2 10 48 1 13
4 20 30 49 25 26
45 16 38 37 10 14
4 28 27 49 33 26
2 49 12 38 44 19
30 38 5 15 7 2
6 25 46 22 36 26
2 6 19 45 1 26
15 21 38 19 8 26
19 8 9 25 22 11
31 42 19 45 32 6
43 33 38 10 2 19
30 35 21 17 36 12
28 10 34 24 35 26
27 45 19 43 12 26
7 21 15 9 40 18
5 14 22 30 15 26
14 47 32 18 30 26
21 35 49 41 23 5
24 34 31 47 40 26
13 41 19 22 47 5
39 7 40 42 43 4
7 8 32 17 14 15
36 46 23 44 42 26
45 10 43 27 15 26
19 39 23 41 8 21
27 33 14 24 34 6
35 43 36 20 26 23
11 22 13 8 37 17
35 43 47 20 4 26
35 17 48 31 26 26
14 9 8 13 21 26
48 46 41 6 38 26
48 24 5 15 18 16
27 37 42 12 10 26
31 28 38 41 27 13
7 35 27 1 10 26
17 28 30 4 40 3
7 13 33 38 16 13
25 4 17 2 6 26
14 37 6 49 36 20
17 28 10 1 45 20
27 6 15 42 24 26
40 16 47 7 33 26
46 7 40 5 29 5
37 40 41 46 48 20
8 16 1 7 19 26
31 21 9 5 1 12
23 35 20 2 49 25
15 2 29 47 21 12
35 18 30 26 44 19
31 28 21 41 26 26
33 43 28 49 19 23
47 25 39 13 35 1
12 28 13 48 6 26
14 42 18 33 24 8
27 7 30 44 24 26
35 9 49 4 32 26
17 8 42 22 47 21
2 36 39 30 28 10
22 14 3 20 48 17
37 40 44 29 43 6
14 41 11 25 20 8
37 25 41 10 2 2
16 26 46 24 20 9
39 26 24 34 25 26
33 36 4 23 45 26
37 16 29 39 23 17
19 27 20 15 3 20
9 4 31 26 49 2
27 15 1 13 41 2
16 24 26 10 18 13
9 34 22 46 3 17
30 25 3 28 26 10
33 3 6 34 39 15
7 13 16 3 35 22
42 38 40 6 35 26
5 9 49 18 14 26
44 17 13 2 45 14
41 9 32 36 34 14
37 23 42 43 20 26
10 40 45 20 21 22
10 45 48 26 17 26
12 36 28 43 11 9
9 10 40 24 21 26
34 21 49 32 19 26
49 47 10 6 21 2
28 20 44 13 12 17
11 36 28 16 29 21
49 22 14 19 9 26
7 20 45 9 19 5
42 2 36 19 30 19
1 20 11 39 34 26
39 28 14 29 26 26
6 18 11 20 44 26
3 16 30 8 29 4
21 4 41 32 39 26
37 20 41 31 18 1
5 43 16 12 13 11
27 43 31 12 4 20
2 28 37 40 49 22
13 18 14 20 21 16
36 16 18 15 20 18
42 22 27 49 12 26
30 19 12 26 33 11
32 9 23 45 40 26
44 36 23 9 8 15
3 47 46 9 1 22
41 30 49 34 29 26
32 4 10 39 45 25
31 39 22 41 4 6
41 29 5 42 18 16
46 16 41 38 47 25
7 6 33 31 4 20
29 27 44 21 41 9
27 15 21 47 37 16
45 19 41 32 8 26
39 49 31 34 42 26
48 16 31 9 28 26
42 19 23 14 29 26
23 22 35 6 9 6
22 43 1 24 39 26
29 9 49 19 38 20
46 38 29 23 26 26
24 15 32 22 39 18
27 6 11 15 22 26
4 31 34 7 41 26
26 34 2 33 39 23
14 41 10 8 42 20
20 15 45 7 23 17
22 14 38 41 11 26
29 1 20 27 4 17
37 2 39 38 42 22
44 18 5 40 47 26
27 31 41 3 32 26
26 12 46 32 41 18
21 38 12 4 46 26
37 49 17 45 13 4
34 5 22 42 9 2
10 29 14 4 39 10
37 32 6 11 47 13
45 5 46 3 20 26
24 45 13 19 44 16
17 42 21 43 28 25
16 22 18 41 14 26
32 44 45 26 41 26
4 7 39 34 27 1
24 16 48 34 3 3
24 19 32 44 43 26
24 47 44 32 42 15
35 1 17 36 27 26
17 45 23 33 21 11
19 47 1 40 49 14
21 2 22 47 13 26
18 42 14 29 20 2
28 6 4 12 42 6
5 26 22 14 20 26
25 29 36 46 4 8
40 43 27 22 16 5
43 28 47 20 40 26
17 36 23 10 13 23
44 16 15 47 27 14
46 47 31 6 38 21
18 28 19 11 17 26
32 38 28 13 33 14
12 42 49 33 27 26
38 24 26 11 41 7
3 37 20 22 44 26
12 2 33 15 41 26
21 5 8 49 46 26
9 10 48 6 26 10
10 2 39 34 7 12
32 18 10 14 33 2
42 14 22 13 32 26
27 24 30 13 45 18
49 13 26 27 2 4
43 1 28 27 24 25
25 15 47 44 6 7
23 21 42 32 34 5
47 2 32 40 16 15
46 45 19 39 49 17
31 37 13 14 15 10
22 15 42 43 16 11
30 29 2 44 22 26
7 47 19 43 46 4
40 5 48 17 44 26
17 20 49 16 28 26
38 1 42 27 3 24
31 47 20 18 8 11
39 4 27 29 41 16
5 48 41 34 13 7
12 14 35 26 36 26
37 24 10 5 17 15
48 3 9 5 42 26
8 20 49 9 3 22
28 26 48 40 15 9
31 20 4 25 6 6
33 4 48 12 9 18
4 3 29 38 13 21
40 12 32 37 49 26
6 48 43 30 45 26
41 3 12 46 30 26
30 43 46 12 39 10
19 44 15 38 14 20
23 11 31 2 28 26
36 17 14 11 25 26
6 43 8 48 3 1
22 30 38 21 29 26
49 9 7 23 37 7
32 12 20 16 26 26
45 24 14 23 48 21
31 10 12 9 41 26
45 37 44 21 24 24
40 36 49 5 29 26
44 11 41 34 6 20
16 6 10 12 29 26
28 8 32 6 47 26
46 43 18 25 30 18
41 32 4 34 16 25
12 37 31 35 44 26
40 1 6 21 33 26
32 9 44 38 41 26
28 7 35 40 48 14
15 5 16 28 32 26
36 13 23 9 45 26
43 11 16 3 14 10
19 39 29 6 44 26
43 23 42 13 11 18
43 3 2 25 15 25
35 33 47 19 32 26
47 10 6 31 48 26
34 13 44 40 47 24
38 25 36 22 5 26
32 14 47 20 3 2
16 24 38 28 3 26
5 6 18 44 42 3
27 20 11 48 43 12
26 13 32 16 34 24
43 40 19 13 31 26
8 5 12 40 25 26
7 3 8 1 26 7
26 41 33 37 10 21
31 24 20 39 17 21
32 15 12 37 27 11
2 20 19 29 16 13
5 40 18 22 12 21
23 15 44 38 43 26
20 8 43 39 27 1
48 35 15 12 25 26
33 41 36 32 15 7
8 33 38 35 47 8
2 46 26 34 8 26
37 12 1 42 48 26
37 4 32 42 33 25
8 43 22 39 15 22
23 22 34 26 14 26
9 37 39 36 32 14
38 39 25 14 18 7
45 11 13 21 34 26
17 45 28 42 2 20
8 5 26 41 9 19
6 39 5 45 1 14
5 7 43 12 10 7
42 49 45 1 44 1
24 33 35 4 18 26
45 18 43 46 26 26
22 25 31 23 32 25
4 23 45 47 33 26
26 13 31 4 29 3
37 40 36 30 48 26
25 32 6 29 1 9
35 17 7 44 37 26
41 3 6 37 17 8
1 7 8 37 21 2
5 20 40 10 12 3
22 15 38 47 8 26
15 12 23 17 49 7
46 2 23 38 27 26
2 4 38 14 8 1
28 26 35 45 17 20
32 35 7 48 38 17
49 8 37 2 16 11
48 24 4 20 46 26
43 36 35 5 45 19
36 26 34 29 37 24
36 18 6 43 15 11
24 35 4 41 9 26
4 38 24 27 30 14
5 12 40 38 4 26
25 47 34 28 30 14
7 40 9 31 26 24
20 9 27 7 26 18
42 5 12 18 7 14
3 48 45 1 35 18
3 11 45 41 32 26
18 40 25 43 15 26
25 10 40 19 12 26
3 34 45 42 24 1
1 4 10 17 30 6
16 3 15 39 28 1
12 45 13 5 48 26
19 20 27 7 26 12
20 41 4 40 22 7
9 15 31 40 37 9
11 49 8 42 44 26
34 26 49 14 1 15
25 42 19 13 20 13
1 44 42 12 8 13
30 13 46 20 32 26
46 15 40 29 8 23
16 39 24 6 15 12
36 25 21 22 10 26
18 4 35 27 9 11
31 42 10 27 20 26
25 48 39 15 32 26
39 42 26 20 30 26
19 40 25 24 45 5
20 23 4 44 2 22
3 49 30 19 26 26
12 2 40 19 48 26
2 40 28 15 20 15
31 15 33 47 43 6
27 5 10 11 32 13
16 44 2 9 13 26
23 26 39 4 17 26
38 34 46 20 10 3
17 27 29 7 41 26
45 29 31 39 46 26
5 15 45 17 3 6
3 32 19 27 8 26
29 40 16 12 26 26
40 12 43 48 33 16
31 19 9 27 20 26
45 29 36 4 22 26
11 4 43 6 2 9
6 33 48 13 10 9
15 14 21 1 35 10
21 25 33 39 46 18
41 35 10 16 3 26
48 36 14 25 10 2
5 33 10 13 30 26
17 2 36 8 30 22
17 42 33 37 34 8
44 24 35 9 8 26
12 25 17 10 40 20
24 27 22 44 39 25
44 48 47 32 28 26
26 14 18 32 15 6
1 19 8 28 45 25
15 8 26 9 6 7
5 25 32 14 22 4
2 8 3 12 36 24
25 24 5 3 2 8
1 21 42 22 5 18
41 35 19 37 1 11
40 35 6 24 42 2
19 28 33 16 35 16
42 46 12 4 19 9
28 29 44 40 21 8
13 18 14 29 31 23
6 32 46 23 42 8
21 22 11 7 49 19
8 23 43 15 46 26
37 12 49 27 30 20
10 42 33 2 45 2
45 42 5 9 33 26
42 35 19 12 3 21
4 25 20 44 1 5
39 8 43 45 49 13
23 14 3 21 17 16
30 49 1 23 22 26
10 40 14 8 33 26
16 21 36 23 11 26
10 12 1 6 38 17
19 5 16 34 29 24
3 17 29 35 47 26
7 10 31 30 36 26
27 18 16 30 13 23
49 27 26 31 9 4
36 35 7 37 14 10
21 23 6 8 3 11
12 36 38 19 4 6
24 42 26 16 28 24
31 22 25 41 35 26
3 45 29 24 14 24
46 27 15 33 2 26
15 16 35 46 1 26
9 30 48 34 4 8
22 1 41 28 23 18
2 36 13 30 18 26
8 49 34 29 26 26
20 47 45 44 11 5
49 3 37 19 14 4
25 46 8 47 30 26
35 5 38 7 20 19
13 4 49 29 31 4
22 24 45 19 30 21
41 25 8 24 39 21
49 48 5 36 15 11
3 24 30 49 10 26
8 3 23 46 43 13
47 33 11 34 12 26
27 44 33 38 30 15
42 44 35 23 5 26
38 34 4 35 47 16
4 41 39 2 33 26
15 47 35 34 42 15
2 17 36 24 5 20
32 36 42 30 21 26
39 30 19 3 33 9
49 26 4 45 41 6
30 43 2 20 46 19
22 47 29 39 9 25
1 33 28 29 21 15
41 23 5 39 7 6
37 34 33 25 35 26
40 12 15 5 27 14
30 25 12 8 21 20
13 36 48 7 11 18
23 48 36 15 31 12
7 23 15 28 36 10
31 32 23 1 26 26
28 9 49 38 29 6
16 9 6 28 38 13
17 9 7 44 20 25
18 4 30 37 3 23
4 9 27 7 32 6
27 14 6 4 5 6
14 48 15 36 9 17
28 16 35 34 3 14
23 11 12 17 10 7
3 5 45 18 13 20
44 41 46 35 5 26
18 21 28 41 4 3
15 26 28 8 43 26
18 9 14 47 42 26
11 27 13 2 31 23
15 46 34 23 40 26
22 31 3 7 14 2
19 10 48 3 21 22
32 7 45 21 26 8
41 14 13 29 16 1
40 17 21 7 49 26
2 19 35 24 28 26
37 28 33 22 25 20